model=tux/Tux.obj
texture=tux/BulletShipTex.png
name=Tux
forwardThrust=75
brakeThrust=45
strafeThrust=20
pitchThrust=90
yawThrust=80
rollThrust=45
hardpointCount=2
hardpoint0=2.4816,.59665,.088
hardpoint1=-2.4616,.59665,.088
upJetPos0=0,3.8046,1.4439
upJetPos1=0,-5.9121,.83833
downJetPos0=0,3.8046,-1.2765
downJetPos1=0,-5.9121,-1.1617
leftJetPos0=1,-6.2671,-0.16167
leftJetPos1=1.1313,3.8046,-0.16167
rightJetPos0=-1,-6.2671,-0.16167
rightJetPos1=-1.1313,3.8046,-0.16167